{
 "cells": [
  {
   "cell_type": "code",
   "execution_count": 3,
   "metadata": {},
   "outputs": [
    {
     "name": "stderr",
     "output_type": "stream",
     "text": [
      "c:\\users\\ramon.nascimento\\appdata\\local\\programs\\python\\python37\\lib\\site-packages\\ipykernel_launcher.py:41: SettingWithCopyWarning: \n",
      "A value is trying to be set on a copy of a slice from a DataFrame\n",
      "\n",
      "See the caveats in the documentation: http://pandas.pydata.org/pandas-docs/stable/indexing.html#indexing-view-versus-copy\n",
      "c:\\users\\ramon.nascimento\\appdata\\local\\programs\\python\\python37\\lib\\site-packages\\ipykernel_launcher.py:43: SettingWithCopyWarning: \n",
      "A value is trying to be set on a copy of a slice from a DataFrame\n",
      "\n",
      "See the caveats in the documentation: http://pandas.pydata.org/pandas-docs/stable/indexing.html#indexing-view-versus-copy\n"
     ]
    },
    {
     "data": {
      "text/plain": [
       "data             datetime64[ns]\n",
       "trscNegocio               int64\n",
       "feriado                   int32\n",
       "dia                       int64\n",
       "mes                       int64\n",
       "ano                       int64\n",
       "diaDoAno                  int64\n",
       "diaSemana                 int64\n",
       "numSemanaMes              int64\n",
       "diaUtil                    bool\n",
       "diaDeProducao              bool\n",
       "dia5                      int64\n",
       "dia10                     int64\n",
       "segDia5                    bool\n",
       "segDia10                   bool\n",
       "inicioSemana               bool\n",
       "semanaAno                 int64\n",
       "inicioMes                  bool\n",
       "fimMes                     bool\n",
       "dtype: object"
      ]
     },
     "execution_count": 3,
     "metadata": {},
     "output_type": "execute_result"
    }
   ],
   "source": [
    "import pandas as pd\n",
    "import numpy as np\n",
    "import matplotlib.pyplot as plt\n",
    "\n",
    "from datetime import date, datetime, timezone\n",
    "from workalendar.america import Brazil\n",
    "cal = Brazil()\n",
    "\n",
    "feriados = ['2015-01-01','2015-02-17','2015-04-03','2015-04-05','2015-04-21','2015-05-01','2015-06-04','2015-09-07',\n",
    "        '2015-10-12','2015-11-02','2015-11-15','2015-12-25','2016-01-01','2016-02-09','2016-03-25','2016-03-27',\n",
    "        '2016-04-21','2016-05-01','2016-05-26','2016-06-04','2016-09-07','2016-10-12','2016-11-02','2016-11-15',\n",
    "        '2016-12-25','2017-01-01','2017-02-28','2017-04-14','2017-04-16','2017-04-21','2017-05-01','2017-05-26',\n",
    "        '2017-06-15','2017-09-07','2017-10-12','2017-11-02','2017-11-15','2017-12-25','2018-01-01','2018-02-13',\n",
    "        '2018-03-30','2018-04-01','2018-04-21','2018-05-01','2018-05-31','2018-09-07','2018-10-12','2018-11-02',\n",
    "        '2018-11-15','2018-12-25','2019-01-01','2019-03-05','2019-04-19','2019-04-21','2019-05-01','2019-06-20',\n",
    "        '2019-09-07','2019-10-12','2019-11-02','2019-11-15','2019-12-25']\n",
    "feriados = pd.to_datetime(feriados, format='%Y-%m-%d')\n",
    "feriados = pd.DataFrame({'data':feriados})\n",
    "\n",
    "dfDiario = pd.read_csv('./trscNegocioTOTAL.csv', sep=';')\n",
    "dfDiario['data'] = pd.to_datetime(dfDiario['data'], format='%d/%m/%Y')\n",
    "df = pd.merge(dfDiario, feriados, how='left', on='data', indicator = True)\n",
    "dfDiario['feriado'] = np.where(df['_merge'] == 'both', 1, 0)\n",
    "dfDiario['dia'] = (dfDiario['data'].dt.day)\n",
    "dfDiario['mes'] = (dfDiario['data'].dt.month)\n",
    "dfDiario['ano'] = (dfDiario['data'].dt.year)\n",
    "dfDiario['diaDoAno'] = (dfDiario['data'].dt.dayofyear)\n",
    "dfDiario['diaSemana'] = (dfDiario['data'].dt.dayofweek)\n",
    "dfDiario['numSemanaMes'] = ((dfDiario['data'].dt.day - 1) // 7 + 1)\n",
    "dfDiario['diaUtil'] = ((dfDiario['diaSemana'] < 5) & (dfDiario.feriado == 0))\n",
    "dfDiario['diaDeProducao'] = (((dfDiario.diaSemana == 1) | (dfDiario.diaSemana == 3)) & dfDiario.diaUtil == True)\n",
    "dfDiario['dia5'] = 0\n",
    "dfDiario['dia10'] = 0\n",
    "\n",
    "dias = np.array(dfDiario['dia'].tolist())\n",
    "meses = np.array(dfDiario['mes'].tolist())\n",
    "anos = np.array(dfDiario['ano'].tolist())\n",
    "\n",
    "for i in range(len(dfDiario)):\n",
    "    if(dfDiario['data'][i] == pd.Timestamp(cal.add_working_days(date(anos[i], meses[i], 1), 5))):\n",
    "        dfDiario['dia5'][i] = 1\n",
    "    if(dfDiario['data'][i] == pd.Timestamp(cal.add_working_days(date(anos[i], meses[i], 1), 10))):\n",
    "        dfDiario['dia10'][i] = 1\n",
    "\n",
    "dfDiario['segDia5'] = ((dfDiario['data'].dt.dayofweek == 0) & (dfDiario['dia'] == 5) & (dfDiario.feriado == 0))\n",
    "dfDiario['segDia10'] = ((dfDiario['data'].dt.dayofweek == 0) & (dfDiario['dia'] == 10) & (dfDiario.feriado == 0))\n",
    "dfDiario['inicioSemana'] = (dfDiario['diaSemana'] < 3)\n",
    "dfDiario['semanaAno'] = (dfDiario['data'].dt.weekofyear)\n",
    "dfDiario['inicioMes'] = (dfDiario['data'].dt.is_month_start)\n",
    "dfDiario['fimMes'] = (dfDiario['data'].dt.is_month_end)\n",
    "\n",
    "dfDiario.dtypes"
   ]
  },
  {
   "cell_type": "code",
   "execution_count": 4,
   "metadata": {},
   "outputs": [],
   "source": [
    "trocar = {\n",
    "        True : 1,\n",
    "        False : 0\n",
    "    }\n",
    "dfDiario.diaUtil = dfDiario.diaUtil.map(trocar)\n",
    "dfDiario.inicioMes = dfDiario.inicioMes.map(trocar)\n",
    "dfDiario.fimMes = dfDiario.fimMes.map(trocar)\n",
    "dfDiario.inicioSemana = dfDiario.inicioSemana.map(trocar)\n",
    "dfDiario.segDia5 = dfDiario.segDia5.map(trocar)\n",
    "dfDiario.segDia10 = dfDiario.segDia10.map(trocar)\n",
    "#dados.dia5 = dados.dia5.map(trocar)\n",
    "#dados.dia10 = dados.dia10.map(trocar)\n",
    "dfDiario.diaDeProducao = dfDiario.diaDeProducao.map(trocar)"
   ]
  },
  {
   "cell_type": "code",
   "execution_count": 6,
   "metadata": {},
   "outputs": [
    {
     "data": {
      "text/html": [
       "<div>\n",
       "<style scoped>\n",
       "    .dataframe tbody tr th:only-of-type {\n",
       "        vertical-align: middle;\n",
       "    }\n",
       "\n",
       "    .dataframe tbody tr th {\n",
       "        vertical-align: top;\n",
       "    }\n",
       "\n",
       "    .dataframe thead th {\n",
       "        text-align: right;\n",
       "    }\n",
       "</style>\n",
       "<table border=\"1\" class=\"dataframe\">\n",
       "  <thead>\n",
       "    <tr style=\"text-align: right;\">\n",
       "      <th></th>\n",
       "      <th>trscNegocio</th>\n",
       "      <th>feriado</th>\n",
       "      <th>dia</th>\n",
       "      <th>mes</th>\n",
       "      <th>ano</th>\n",
       "      <th>diaDoAno</th>\n",
       "      <th>diaSemana</th>\n",
       "      <th>numSemanaMes</th>\n",
       "      <th>diaUtil</th>\n",
       "      <th>diaDeProducao</th>\n",
       "      <th>dia5</th>\n",
       "      <th>dia10</th>\n",
       "      <th>segDia5</th>\n",
       "      <th>segDia10</th>\n",
       "      <th>inicioSemana</th>\n",
       "      <th>semanaAno</th>\n",
       "      <th>inicioMes</th>\n",
       "      <th>fimMes</th>\n",
       "    </tr>\n",
       "  </thead>\n",
       "  <tbody>\n",
       "    <tr>\n",
       "      <th>trscNegocio</th>\n",
       "      <td>1.0000</td>\n",
       "      <td>-0.2245</td>\n",
       "      <td>-0.0943</td>\n",
       "      <td>0.0260</td>\n",
       "      <td>0.4546</td>\n",
       "      <td>0.0163</td>\n",
       "      <td>-0.6742</td>\n",
       "      <td>-0.0997</td>\n",
       "      <td>0.8106</td>\n",
       "      <td>0.2943</td>\n",
       "      <td>0.1340</td>\n",
       "      <td>0.0978</td>\n",
       "      <td>0.0819</td>\n",
       "      <td>0.1095</td>\n",
       "      <td>0.4821</td>\n",
       "      <td>0.0221</td>\n",
       "      <td>-0.0217</td>\n",
       "      <td>-0.0205</td>\n",
       "    </tr>\n",
       "    <tr>\n",
       "      <th>feriado</th>\n",
       "      <td>-0.2245</td>\n",
       "      <td>1.0000</td>\n",
       "      <td>-0.0528</td>\n",
       "      <td>-0.0040</td>\n",
       "      <td>-0.0150</td>\n",
       "      <td>-0.0085</td>\n",
       "      <td>0.0148</td>\n",
       "      <td>-0.0518</td>\n",
       "      <td>-0.2768</td>\n",
       "      <td>-0.1140</td>\n",
       "      <td>-0.0345</td>\n",
       "      <td>0.0124</td>\n",
       "      <td>-0.0134</td>\n",
       "      <td>-0.0124</td>\n",
       "      <td>-0.0276</td>\n",
       "      <td>0.0191</td>\n",
       "      <td>0.1724</td>\n",
       "      <td>0.0124</td>\n",
       "    </tr>\n",
       "    <tr>\n",
       "      <th>dia</th>\n",
       "      <td>-0.0943</td>\n",
       "      <td>-0.0528</td>\n",
       "      <td>1.0000</td>\n",
       "      <td>0.0029</td>\n",
       "      <td>-0.0166</td>\n",
       "      <td>0.0886</td>\n",
       "      <td>-0.0033</td>\n",
       "      <td>0.9742</td>\n",
       "      <td>0.0185</td>\n",
       "      <td>0.0096</td>\n",
       "      <td>-0.1647</td>\n",
       "      <td>-0.0104</td>\n",
       "      <td>-0.0872</td>\n",
       "      <td>-0.0428</td>\n",
       "      <td>0.0052</td>\n",
       "      <td>0.0672</td>\n",
       "      <td>-0.3085</td>\n",
       "      <td>0.3083</td>\n",
       "    </tr>\n",
       "    <tr>\n",
       "      <th>mes</th>\n",
       "      <td>0.0260</td>\n",
       "      <td>-0.0040</td>\n",
       "      <td>0.0029</td>\n",
       "      <td>1.0000</td>\n",
       "      <td>-0.1510</td>\n",
       "      <td>0.9963</td>\n",
       "      <td>0.0058</td>\n",
       "      <td>0.0048</td>\n",
       "      <td>-0.0076</td>\n",
       "      <td>-0.0029</td>\n",
       "      <td>0.0009</td>\n",
       "      <td>-0.0026</td>\n",
       "      <td>0.0237</td>\n",
       "      <td>0.0362</td>\n",
       "      <td>-0.0069</td>\n",
       "      <td>0.9744</td>\n",
       "      <td>0.0009</td>\n",
       "      <td>-0.0026</td>\n",
       "    </tr>\n",
       "    <tr>\n",
       "      <th>ano</th>\n",
       "      <td>0.4546</td>\n",
       "      <td>-0.0150</td>\n",
       "      <td>-0.0166</td>\n",
       "      <td>-0.1510</td>\n",
       "      <td>1.0000</td>\n",
       "      <td>-0.1550</td>\n",
       "      <td>-0.0052</td>\n",
       "      <td>-0.0165</td>\n",
       "      <td>0.0082</td>\n",
       "      <td>0.0036</td>\n",
       "      <td>0.0042</td>\n",
       "      <td>-0.0021</td>\n",
       "      <td>0.0035</td>\n",
       "      <td>0.0077</td>\n",
       "      <td>0.0047</td>\n",
       "      <td>-0.1539</td>\n",
       "      <td>0.0042</td>\n",
       "      <td>-0.0021</td>\n",
       "    </tr>\n",
       "    <tr>\n",
       "      <th>diaDoAno</th>\n",
       "      <td>0.0163</td>\n",
       "      <td>-0.0085</td>\n",
       "      <td>0.0886</td>\n",
       "      <td>0.9963</td>\n",
       "      <td>-0.1550</td>\n",
       "      <td>1.0000</td>\n",
       "      <td>0.0055</td>\n",
       "      <td>0.0882</td>\n",
       "      <td>-0.0060</td>\n",
       "      <td>-0.0021</td>\n",
       "      <td>-0.0132</td>\n",
       "      <td>-0.0035</td>\n",
       "      <td>0.0163</td>\n",
       "      <td>0.0322</td>\n",
       "      <td>-0.0064</td>\n",
       "      <td>0.9763</td>\n",
       "      <td>-0.0256</td>\n",
       "      <td>0.0239</td>\n",
       "    </tr>\n",
       "    <tr>\n",
       "      <th>diaSemana</th>\n",
       "      <td>-0.6742</td>\n",
       "      <td>0.0148</td>\n",
       "      <td>-0.0033</td>\n",
       "      <td>0.0058</td>\n",
       "      <td>-0.0052</td>\n",
       "      <td>0.0055</td>\n",
       "      <td>1.0000</td>\n",
       "      <td>0.0013</td>\n",
       "      <td>-0.7545</td>\n",
       "      <td>-0.3066</td>\n",
       "      <td>-0.0430</td>\n",
       "      <td>-0.0644</td>\n",
       "      <td>-0.1083</td>\n",
       "      <td>-0.1002</td>\n",
       "      <td>-0.8659</td>\n",
       "      <td>0.0019</td>\n",
       "      <td>0.0024</td>\n",
       "      <td>0.0108</td>\n",
       "    </tr>\n",
       "    <tr>\n",
       "      <th>numSemanaMes</th>\n",
       "      <td>-0.0997</td>\n",
       "      <td>-0.0518</td>\n",
       "      <td>0.9742</td>\n",
       "      <td>0.0048</td>\n",
       "      <td>-0.0165</td>\n",
       "      <td>0.0882</td>\n",
       "      <td>0.0013</td>\n",
       "      <td>1.0000</td>\n",
       "      <td>0.0138</td>\n",
       "      <td>0.0019</td>\n",
       "      <td>-0.1363</td>\n",
       "      <td>0.0189</td>\n",
       "      <td>-0.0959</td>\n",
       "      <td>-0.0362</td>\n",
       "      <td>-0.0022</td>\n",
       "      <td>0.0691</td>\n",
       "      <td>-0.2468</td>\n",
       "      <td>0.3245</td>\n",
       "    </tr>\n",
       "    <tr>\n",
       "      <th>diaUtil</th>\n",
       "      <td>0.8106</td>\n",
       "      <td>-0.2768</td>\n",
       "      <td>0.0185</td>\n",
       "      <td>-0.0076</td>\n",
       "      <td>0.0082</td>\n",
       "      <td>-0.0060</td>\n",
       "      <td>-0.7545</td>\n",
       "      <td>0.0138</td>\n",
       "      <td>1.0000</td>\n",
       "      <td>0.4119</td>\n",
       "      <td>0.1247</td>\n",
       "      <td>0.1052</td>\n",
       "      <td>0.0485</td>\n",
       "      <td>0.0449</td>\n",
       "      <td>0.5303</td>\n",
       "      <td>-0.0089</td>\n",
       "      <td>-0.0359</td>\n",
       "      <td>-0.0120</td>\n",
       "    </tr>\n",
       "    <tr>\n",
       "      <th>diaDeProducao</th>\n",
       "      <td>0.2943</td>\n",
       "      <td>-0.1140</td>\n",
       "      <td>0.0096</td>\n",
       "      <td>-0.0029</td>\n",
       "      <td>0.0036</td>\n",
       "      <td>-0.0021</td>\n",
       "      <td>-0.3066</td>\n",
       "      <td>0.0019</td>\n",
       "      <td>0.4119</td>\n",
       "      <td>1.0000</td>\n",
       "      <td>-0.0214</td>\n",
       "      <td>-0.0191</td>\n",
       "      <td>-0.0443</td>\n",
       "      <td>-0.0410</td>\n",
       "      <td>0.0894</td>\n",
       "      <td>-0.0010</td>\n",
       "      <td>-0.0214</td>\n",
       "      <td>-0.0097</td>\n",
       "    </tr>\n",
       "    <tr>\n",
       "      <th>dia5</th>\n",
       "      <td>0.1340</td>\n",
       "      <td>-0.0345</td>\n",
       "      <td>-0.1647</td>\n",
       "      <td>0.0009</td>\n",
       "      <td>0.0042</td>\n",
       "      <td>-0.0132</td>\n",
       "      <td>-0.0430</td>\n",
       "      <td>-0.1363</td>\n",
       "      <td>0.1247</td>\n",
       "      <td>-0.0214</td>\n",
       "      <td>1.0000</td>\n",
       "      <td>-0.0341</td>\n",
       "      <td>-0.0134</td>\n",
       "      <td>0.0496</td>\n",
       "      <td>-0.0026</td>\n",
       "      <td>-0.0139</td>\n",
       "      <td>-0.0345</td>\n",
       "      <td>-0.0341</td>\n",
       "    </tr>\n",
       "    <tr>\n",
       "      <th>dia10</th>\n",
       "      <td>0.0978</td>\n",
       "      <td>0.0124</td>\n",
       "      <td>-0.0104</td>\n",
       "      <td>-0.0026</td>\n",
       "      <td>-0.0021</td>\n",
       "      <td>-0.0035</td>\n",
       "      <td>-0.0644</td>\n",
       "      <td>0.0189</td>\n",
       "      <td>0.1052</td>\n",
       "      <td>-0.0191</td>\n",
       "      <td>-0.0341</td>\n",
       "      <td>1.0000</td>\n",
       "      <td>-0.0133</td>\n",
       "      <td>-0.0123</td>\n",
       "      <td>0.0178</td>\n",
       "      <td>-0.0037</td>\n",
       "      <td>-0.0341</td>\n",
       "      <td>-0.0337</td>\n",
       "    </tr>\n",
       "    <tr>\n",
       "      <th>segDia5</th>\n",
       "      <td>0.0819</td>\n",
       "      <td>-0.0134</td>\n",
       "      <td>-0.0872</td>\n",
       "      <td>0.0237</td>\n",
       "      <td>0.0035</td>\n",
       "      <td>0.0163</td>\n",
       "      <td>-0.1083</td>\n",
       "      <td>-0.0959</td>\n",
       "      <td>0.0485</td>\n",
       "      <td>-0.0443</td>\n",
       "      <td>-0.0134</td>\n",
       "      <td>-0.0133</td>\n",
       "      <td>1.0000</td>\n",
       "      <td>-0.0048</td>\n",
       "      <td>0.0833</td>\n",
       "      <td>0.0179</td>\n",
       "      <td>-0.0134</td>\n",
       "      <td>-0.0133</td>\n",
       "    </tr>\n",
       "    <tr>\n",
       "      <th>segDia10</th>\n",
       "      <td>0.1095</td>\n",
       "      <td>-0.0124</td>\n",
       "      <td>-0.0428</td>\n",
       "      <td>0.0362</td>\n",
       "      <td>0.0077</td>\n",
       "      <td>0.0322</td>\n",
       "      <td>-0.1002</td>\n",
       "      <td>-0.0362</td>\n",
       "      <td>0.0449</td>\n",
       "      <td>-0.0410</td>\n",
       "      <td>0.0496</td>\n",
       "      <td>-0.0123</td>\n",
       "      <td>-0.0048</td>\n",
       "      <td>1.0000</td>\n",
       "      <td>0.0771</td>\n",
       "      <td>0.0338</td>\n",
       "      <td>-0.0124</td>\n",
       "      <td>-0.0123</td>\n",
       "    </tr>\n",
       "    <tr>\n",
       "      <th>inicioSemana</th>\n",
       "      <td>0.4821</td>\n",
       "      <td>-0.0276</td>\n",
       "      <td>0.0052</td>\n",
       "      <td>-0.0069</td>\n",
       "      <td>0.0047</td>\n",
       "      <td>-0.0064</td>\n",
       "      <td>-0.8659</td>\n",
       "      <td>-0.0022</td>\n",
       "      <td>0.5303</td>\n",
       "      <td>0.0894</td>\n",
       "      <td>-0.0026</td>\n",
       "      <td>0.0178</td>\n",
       "      <td>0.0833</td>\n",
       "      <td>0.0771</td>\n",
       "      <td>1.0000</td>\n",
       "      <td>-0.0018</td>\n",
       "      <td>-0.0110</td>\n",
       "      <td>-0.0075</td>\n",
       "    </tr>\n",
       "    <tr>\n",
       "      <th>semanaAno</th>\n",
       "      <td>0.0221</td>\n",
       "      <td>0.0191</td>\n",
       "      <td>0.0672</td>\n",
       "      <td>0.9744</td>\n",
       "      <td>-0.1539</td>\n",
       "      <td>0.9763</td>\n",
       "      <td>0.0019</td>\n",
       "      <td>0.0691</td>\n",
       "      <td>-0.0089</td>\n",
       "      <td>-0.0010</td>\n",
       "      <td>-0.0139</td>\n",
       "      <td>-0.0037</td>\n",
       "      <td>0.0179</td>\n",
       "      <td>0.0338</td>\n",
       "      <td>-0.0018</td>\n",
       "      <td>1.0000</td>\n",
       "      <td>0.0025</td>\n",
       "      <td>0.0074</td>\n",
       "    </tr>\n",
       "    <tr>\n",
       "      <th>inicioMes</th>\n",
       "      <td>-0.0217</td>\n",
       "      <td>0.1724</td>\n",
       "      <td>-0.3085</td>\n",
       "      <td>0.0009</td>\n",
       "      <td>0.0042</td>\n",
       "      <td>-0.0256</td>\n",
       "      <td>0.0024</td>\n",
       "      <td>-0.2468</td>\n",
       "      <td>-0.0359</td>\n",
       "      <td>-0.0214</td>\n",
       "      <td>-0.0345</td>\n",
       "      <td>-0.0341</td>\n",
       "      <td>-0.0134</td>\n",
       "      <td>-0.0124</td>\n",
       "      <td>-0.0110</td>\n",
       "      <td>0.0025</td>\n",
       "      <td>1.0000</td>\n",
       "      <td>-0.0341</td>\n",
       "    </tr>\n",
       "    <tr>\n",
       "      <th>fimMes</th>\n",
       "      <td>-0.0205</td>\n",
       "      <td>0.0124</td>\n",
       "      <td>0.3083</td>\n",
       "      <td>-0.0026</td>\n",
       "      <td>-0.0021</td>\n",
       "      <td>0.0239</td>\n",
       "      <td>0.0108</td>\n",
       "      <td>0.3245</td>\n",
       "      <td>-0.0120</td>\n",
       "      <td>-0.0097</td>\n",
       "      <td>-0.0341</td>\n",
       "      <td>-0.0337</td>\n",
       "      <td>-0.0133</td>\n",
       "      <td>-0.0123</td>\n",
       "      <td>-0.0075</td>\n",
       "      <td>0.0074</td>\n",
       "      <td>-0.0341</td>\n",
       "      <td>1.0000</td>\n",
       "    </tr>\n",
       "  </tbody>\n",
       "</table>\n",
       "</div>"
      ],
      "text/plain": [
       "               trscNegocio  feriado     dia     mes     ano  diaDoAno  \\\n",
       "trscNegocio         1.0000  -0.2245 -0.0943  0.0260  0.4546    0.0163   \n",
       "feriado            -0.2245   1.0000 -0.0528 -0.0040 -0.0150   -0.0085   \n",
       "dia                -0.0943  -0.0528  1.0000  0.0029 -0.0166    0.0886   \n",
       "mes                 0.0260  -0.0040  0.0029  1.0000 -0.1510    0.9963   \n",
       "ano                 0.4546  -0.0150 -0.0166 -0.1510  1.0000   -0.1550   \n",
       "diaDoAno            0.0163  -0.0085  0.0886  0.9963 -0.1550    1.0000   \n",
       "diaSemana          -0.6742   0.0148 -0.0033  0.0058 -0.0052    0.0055   \n",
       "numSemanaMes       -0.0997  -0.0518  0.9742  0.0048 -0.0165    0.0882   \n",
       "diaUtil             0.8106  -0.2768  0.0185 -0.0076  0.0082   -0.0060   \n",
       "diaDeProducao       0.2943  -0.1140  0.0096 -0.0029  0.0036   -0.0021   \n",
       "dia5                0.1340  -0.0345 -0.1647  0.0009  0.0042   -0.0132   \n",
       "dia10               0.0978   0.0124 -0.0104 -0.0026 -0.0021   -0.0035   \n",
       "segDia5             0.0819  -0.0134 -0.0872  0.0237  0.0035    0.0163   \n",
       "segDia10            0.1095  -0.0124 -0.0428  0.0362  0.0077    0.0322   \n",
       "inicioSemana        0.4821  -0.0276  0.0052 -0.0069  0.0047   -0.0064   \n",
       "semanaAno           0.0221   0.0191  0.0672  0.9744 -0.1539    0.9763   \n",
       "inicioMes          -0.0217   0.1724 -0.3085  0.0009  0.0042   -0.0256   \n",
       "fimMes             -0.0205   0.0124  0.3083 -0.0026 -0.0021    0.0239   \n",
       "\n",
       "               diaSemana  numSemanaMes  diaUtil  diaDeProducao    dia5  \\\n",
       "trscNegocio      -0.6742       -0.0997   0.8106         0.2943  0.1340   \n",
       "feriado           0.0148       -0.0518  -0.2768        -0.1140 -0.0345   \n",
       "dia              -0.0033        0.9742   0.0185         0.0096 -0.1647   \n",
       "mes               0.0058        0.0048  -0.0076        -0.0029  0.0009   \n",
       "ano              -0.0052       -0.0165   0.0082         0.0036  0.0042   \n",
       "diaDoAno          0.0055        0.0882  -0.0060        -0.0021 -0.0132   \n",
       "diaSemana         1.0000        0.0013  -0.7545        -0.3066 -0.0430   \n",
       "numSemanaMes      0.0013        1.0000   0.0138         0.0019 -0.1363   \n",
       "diaUtil          -0.7545        0.0138   1.0000         0.4119  0.1247   \n",
       "diaDeProducao    -0.3066        0.0019   0.4119         1.0000 -0.0214   \n",
       "dia5             -0.0430       -0.1363   0.1247        -0.0214  1.0000   \n",
       "dia10            -0.0644        0.0189   0.1052        -0.0191 -0.0341   \n",
       "segDia5          -0.1083       -0.0959   0.0485        -0.0443 -0.0134   \n",
       "segDia10         -0.1002       -0.0362   0.0449        -0.0410  0.0496   \n",
       "inicioSemana     -0.8659       -0.0022   0.5303         0.0894 -0.0026   \n",
       "semanaAno         0.0019        0.0691  -0.0089        -0.0010 -0.0139   \n",
       "inicioMes         0.0024       -0.2468  -0.0359        -0.0214 -0.0345   \n",
       "fimMes            0.0108        0.3245  -0.0120        -0.0097 -0.0341   \n",
       "\n",
       "                dia10  segDia5  segDia10  inicioSemana  semanaAno  inicioMes  \\\n",
       "trscNegocio    0.0978   0.0819    0.1095        0.4821     0.0221    -0.0217   \n",
       "feriado        0.0124  -0.0134   -0.0124       -0.0276     0.0191     0.1724   \n",
       "dia           -0.0104  -0.0872   -0.0428        0.0052     0.0672    -0.3085   \n",
       "mes           -0.0026   0.0237    0.0362       -0.0069     0.9744     0.0009   \n",
       "ano           -0.0021   0.0035    0.0077        0.0047    -0.1539     0.0042   \n",
       "diaDoAno      -0.0035   0.0163    0.0322       -0.0064     0.9763    -0.0256   \n",
       "diaSemana     -0.0644  -0.1083   -0.1002       -0.8659     0.0019     0.0024   \n",
       "numSemanaMes   0.0189  -0.0959   -0.0362       -0.0022     0.0691    -0.2468   \n",
       "diaUtil        0.1052   0.0485    0.0449        0.5303    -0.0089    -0.0359   \n",
       "diaDeProducao -0.0191  -0.0443   -0.0410        0.0894    -0.0010    -0.0214   \n",
       "dia5          -0.0341  -0.0134    0.0496       -0.0026    -0.0139    -0.0345   \n",
       "dia10          1.0000  -0.0133   -0.0123        0.0178    -0.0037    -0.0341   \n",
       "segDia5       -0.0133   1.0000   -0.0048        0.0833     0.0179    -0.0134   \n",
       "segDia10      -0.0123  -0.0048    1.0000        0.0771     0.0338    -0.0124   \n",
       "inicioSemana   0.0178   0.0833    0.0771        1.0000    -0.0018    -0.0110   \n",
       "semanaAno     -0.0037   0.0179    0.0338       -0.0018     1.0000     0.0025   \n",
       "inicioMes     -0.0341  -0.0134   -0.0124       -0.0110     0.0025     1.0000   \n",
       "fimMes        -0.0337  -0.0133   -0.0123       -0.0075     0.0074    -0.0341   \n",
       "\n",
       "               fimMes  \n",
       "trscNegocio   -0.0205  \n",
       "feriado        0.0124  \n",
       "dia            0.3083  \n",
       "mes           -0.0026  \n",
       "ano           -0.0021  \n",
       "diaDoAno       0.0239  \n",
       "diaSemana      0.0108  \n",
       "numSemanaMes   0.3245  \n",
       "diaUtil       -0.0120  \n",
       "diaDeProducao -0.0097  \n",
       "dia5          -0.0341  \n",
       "dia10         -0.0337  \n",
       "segDia5       -0.0133  \n",
       "segDia10      -0.0123  \n",
       "inicioSemana  -0.0075  \n",
       "semanaAno      0.0074  \n",
       "inicioMes     -0.0341  \n",
       "fimMes         1.0000  "
      ]
     },
     "execution_count": 6,
     "metadata": {},
     "output_type": "execute_result"
    }
   ],
   "source": [
    "dfDiario.corr().round(4)"
   ]
  },
  {
   "cell_type": "code",
   "execution_count": 7,
   "metadata": {},
   "outputs": [
    {
     "data": {
      "text/plain": [
       "<matplotlib.axes._subplots.AxesSubplot at 0x12561780>"
      ]
     },
     "execution_count": 7,
     "metadata": {},
     "output_type": "execute_result"
    },
    {
     "data": {
