{
 "cells": [
  {
   "cell_type": "code",
   "execution_count": 24,
   "metadata": {},
   "outputs": [
    {
     "data": {
      "text/plain": [
       "data             datetime64[ns]\n",
       "totalTrsc                 int64\n",
       "feriado                   int32\n",
       "dia                       int64\n",
       "mes                       int64\n",
       "ano                       int64\n",
       "diaDoAno                  int64\n",
       "dia1Ano                    bool\n",
       "diaSemana                 int64\n",
       "numSemanaMes              int64\n",
       "diaUtil                    bool\n",
       "segDia10                   bool\n",
       "semanaAno                 int64\n",
       "inicioMes                  bool\n",
       "fimMes                     bool\n",
       "inicioSemana               bool\n",
       "fimSemana                  bool\n",
       "inicioAno                  bool\n",
       "fimAno                     bool\n",
       "anoBissexto                bool\n",
       "diaDeProducao              bool\n",
       "dtype: object"
      ]
     },
     "execution_count": 24,
     "metadata": {},
     "output_type": "execute_result"
    }
   ],
   "source": [
    "import pandas as pd\n",
    "import numpy as np\n",
    "from datetime import date, datetime, timezone\n",
    "import matplotlib.pyplot as plt\n",
    "from workalendar.america import Brazil\n",
    "cal = Brazil()\n",
    "\n",
    "dados = pd.read_csv('./transactions.csv')\n",
    "\n",
    "def configDF(dados):\n",
    "    dados['data'] = pd.to_datetime(dados['data'], format='%d/%m/%Y')\n",
    "    \n",
    "    df = pd.merge(dados, feriados, how='left', on='data', indicator = True)\n",
    "    dados['feriado'] = np.where(df['_merge'] == 'both', 1, 0)\n",
    "    #df.drop('_merge', axis = 1, inplace= True)\n",
    "    \n",
    "    dados['dia'] = (dados['data'].dt.day)\n",
    "    dados['mes'] = (dados['data'].dt.month)\n",
    "    dados['ano'] = (dados['data'].dt.year)\n",
    "    dados['diaDoAno'] = (dados['data'].dt.dayofyear)\n",
    "    dados['dia1Ano'] = ((dados['data'].dt.month == 1) & (dados['data'].dt.day == 1))\n",
    "    dados['diaSemana'] = (dados['data'].dt.dayofweek)\n",
    "    dados['numSemanaMes'] = ((dados['data'].dt.day - 1) // 7 + 1)\n",
    "    #dados['fds'] = (dados['diaSemana'] >= 5)\n",
    "    dados['diaUtil'] = ((dados['diaSemana'] < 5) & (dados.feriado == 0))\n",
    "    #dados['cntDiasUteis'] = ((dados['diaSemana'] < 5) & (dados.feriado == 0))\n",
    "    #dados['diaUtil5'] = ((dados['diaUtil'] == True) & (dados['dia'] == 5) & (dados.feriado == 0))\n",
    "    #dados['diaUtil5'] = ((dados['diaUtil'] == True) & (cal.add_working_days(date(dados.ano, dados.mes, 1), 5)))\n",
    "    #dados['diaUtil10'] = ((dados['diaUtil'] == True) and (dados['dia'] == 10) & (dados.feriado == 0))\n",
    "    #dados['diaUtil10'] = ((dados['diaUtil'] == True) & (cal.add_working_days(date(dados.ano, dados.mes, 1), 10)))\n",
    "    dados['segDia10'] = ((dados['data'].dt.dayofweek == 0) & (dados['dia'] == 10) & (dados.feriado == 0))\n",
    "    dados['semanaAno'] = (dados['data'].dt.weekofyear)\n",
    "    dados['inicioMes'] = (dados['data'].dt.is_month_start)\n",
    "    dados['fimMes'] = (dados['data'].dt.is_month_end)\n",
    "    dados['inicioSemana'] = (dados['diaSemana'] == 0)\n",
    "    dados['fimSemana'] = (dados['diaSemana'] == 6)\n",
    "    dados['inicioAno'] = (dados['data'].dt.is_year_start)\n",
    "    dados['fimAno'] = (dados['data'].dt.is_year_end)\n",
    "    dados['anoBissexto'] = (dados['data'].dt.is_leap_year)\n",
    "    dados['diaDeProducao'] = (((dados.diaSemana == 1) | (dados.diaSemana == 3)) & dados.diaUtil == True)\n",
    "    \n",
    "    return dados\n",
    "\n",
    "configDF(dados)\n",
    "dados.dtypes"
   ]
  },
  {
   "cell_type": "code",
   "execution_count": 212,
   "metadata": {},
   "outputs": [
    {
     "ename": "AttributeError",
     "evalue": "'str' object has no attribute 'data'",
     "output_type": "error",
     "traceback": [
      "\u001b[1;31m---------------------------------------------------------------------------\u001b[0m",
      "\u001b[1;31mAttributeError\u001b[0m                            Traceback (most recent call last)",
      "\u001b[1;32m<ipython-input-212-23a666889840>\u001b[0m in \u001b[0;36m<module>\u001b[1;34m\u001b[0m\n\u001b[0;32m      1\u001b[0m \u001b[1;31m#dados['diaUtil5'] = ((dados['diaUtil'] == True) & (cal.add_working_days(date(dados.ano, dados.mes, 1), 5)))\u001b[0m\u001b[1;33m\u001b[0m\u001b[1;33m\u001b[0m\u001b[1;33m\u001b[0m\u001b[0m\n\u001b[0;32m      2\u001b[0m \u001b[1;32mfor\u001b[0m \u001b[0mi\u001b[0m \u001b[1;32min\u001b[0m \u001b[0mdados\u001b[0m\u001b[1;33m:\u001b[0m\u001b[1;33m\u001b[0m\u001b[1;33m\u001b[0m\u001b[0m\n\u001b[1;32m----> 3\u001b[1;33m     \u001b[0mi\u001b[0m\u001b[1;33m.\u001b[0m\u001b[0mdata\u001b[0m\u001b[1;33m.\u001b[0m\u001b[0mvalues\u001b[0m\u001b[1;33m.\u001b[0m\u001b[0mdate\u001b[0m\u001b[1;33m(\u001b[0m\u001b[1;33m)\u001b[0m\u001b[1;33m\u001b[0m\u001b[1;33m\u001b[0m\u001b[0m\n\u001b[0m\u001b[0;32m      4\u001b[0m     \u001b[1;31m#if(i == cal.add_working_days(date(i.ano, i.mes, 1), 5)):\u001b[0m\u001b[1;33m\u001b[0m\u001b[1;33m\u001b[0m\u001b[1;33m\u001b[0m\u001b[0m\n\u001b[0;32m      5\u001b[0m     \u001b[0mprint\u001b[0m\u001b[1;33m(\u001b[0m\u001b[0mi\u001b[0m\u001b[1;33m)\u001b[0m\u001b[1;33m\u001b[0m\u001b[1;33m\u001b[0m\u001b[0m\n",
      "\u001b[1;31mAttributeError\u001b[0m: 'str' object has no attribute 'data'"
     ]
    }
   ],
   "source": [
    "#dados['diaUtil5'] = ((dados['diaUtil'] == True) & (cal.add_working_days(date(dados.ano, dados.mes, 1), 5)))\n",
    "for i in dados:\n",
    "    i.data.values.date()\n",
    "    #if(i == cal.add_working_days(date(i.ano, i.mes, 1), 5)):\n",
    "    print(i)"
   ]
  },
  {
   "cell_type": "code",
   "execution_count": 183,
   "metadata": {},
   "outputs": [
    {
     "name": "stdout",
     "output_type": "stream",
     "text": [
      "2019-12-06\n"
     ]
    }
   ],
   "source": [
    "print(cal.add_working_days(date(2019, 12, 1), 5))"
   ]
  },
  {
   "cell_type": "code",
   "execution_count": 205,
   "metadata": {},
   "outputs": [
    {
     "data": {
      "text/plain": [
       "datetime.date"
      ]
     },
     "execution_count": 205,
     "metadata": {},
     "output_type": "execute_result"
    }
   ],
   "source": [
    "type(cal.add_working_days(date(2019, 1, 1), 10))"
   ]
  },
  {
   "cell_type": "code",
   "execution_count": 24,
   "metadata": {},
   "outputs": [
    {
     "data": {
      "text/plain": [
       "array([1], dtype=int64)"
      ]
     },
     "execution_count": 24,
     "metadata": {},
     "output_type": "execute_result"
    }
   ],
   "source": [
    "pd.to_numeric(dados['dia'][:1].values)"
   ]
  },
  {
   "cell_type": "code",
   "execution_count": 22,
   "metadata": {},
   "outputs": [
    {
     "data": {
      "text/plain": [
       "array([2014])"
      ]
     },
     "execution_count": 22,
     "metadata": {},
     "output_type": "execute_result"
    }
   ],
   "source": [
    "#tmp['data'] = pd.to_datetime(dados['data'])\n",
    "dados['data'][:1].dt.year.values.astype(int)\n",
    "#for i in dados['data']:\n",
    " #   print(i[:].dt.year)\n",
    "    #obterNDiaUtil(i['data'].dt.year.astype(int), i['mes'][:1].astype(int), 5)"
   ]
  },
  {
   "cell_type": "code",
   "execution_count": 21,
   "metadata": {},
   "outputs": [
    {
     "data": {
      "text/html": [
       "<div>\n",
       "<style scoped>\n",
       "    .dataframe tbody tr th:only-of-type {\n",
       "        vertical-align: middle;\n",
       "    }\n",
       "\n",
       "    .dataframe tbody tr th {\n",
       "        vertical-align: top;\n",
       "    }\n",
       "\n",
       "    .dataframe thead th {\n",
       "        text-align: right;\n",
       "    }\n",
       "</style>\n",
       "<table border=\"1\" class=\"dataframe\">\n",
       "  <thead>\n",
       "    <tr style=\"text-align: right;\">\n",
       "      <th></th>\n",
       "      <th>data</th>\n",
       "      <th>totalTrsc</th>\n",
       "      <th>feriado</th>\n",
       "      <th>dia</th>\n",
       "      <th>mes</th>\n",
       "      <th>ano</th>\n",
       "      <th>diaDoAno</th>\n",
       "      <th>dia1Ano</th>\n",
       "      <th>diaSemana</th>\n",
       "      <th>numSemanaMes</th>\n",
       "      <th>...</th>\n",
       "      <th>segDia10</th>\n",
       "      <th>semanaAno</th>\n",
       "      <th>inicioMes</th>\n",
       "      <th>fimMes</th>\n",
       "      <th>inicioSemana</th>\n",
       "      <th>fimSemana</th>\n",
       "      <th>inicioAno</th>\n",
       "      <th>fimAno</th>\n",
       "      <th>anoBissexto</th>\n",
       "      <th>diaDeProducao</th>\n",
       "    </tr>\n",
       "  </thead>\n",
       "  <tbody>\n",
       "    <tr>\n",
       "      <th>1806</th>\n",
       "      <td>2019-05-14</td>\n",
       "      <td>39546662</td>\n",
       "      <td>0</td>\n",
       "      <td>14</td>\n",
       "      <td>5</td>\n",
       "      <td>2019</td>\n",
       "      <td>134</td>\n",
       "      <td>False</td>\n",
       "      <td>1</td>\n",
       "      <td>2</td>\n",
       "      <td>...</td>\n",
       "      <td>False</td>\n",
       "      <td>20</td>\n",
       "      <td>False</td>\n",
       "      <td>False</td>\n",
       "      <td>False</td>\n",
       "      <td>False</td>\n",
       "      <td>False</td>\n",
       "      <td>False</td>\n",
       "      <td>False</td>\n",
       "      <td>True</td>\n",
       "    </tr>\n",
       "    <tr>\n",
       "      <th>1808</th>\n",
       "      <td>2019-05-16</td>\n",
       "      <td>36587356</td>\n",
       "      <td>0</td>\n",
       "      <td>16</td>\n",
       "      <td>5</td>\n",
       "      <td>2019</td>\n",
       "      <td>136</td>\n",
       "      <td>False</td>\n",
       "      <td>3</td>\n",
       "      <td>3</td>\n",
       "      <td>...</td>\n",
       "      <td>False</td>\n",
       "      <td>20</td>\n",
       "      <td>False</td>\n",
       "      <td>False</td>\n",
       "      <td>False</td>\n",
       "      <td>False</td>\n",
       "      <td>False</td>\n",
       "      <td>False</td>\n",
       "      <td>False</td>\n",
       "      <td>True</td>\n",
       "    </tr>\n",
       "  </tbody>\n",
       "</table>\n",
       "<p>2 rows × 22 columns</p>\n",
       "</div>"
      ],
      "text/plain": [
       "           data  totalTrsc  feriado  dia  mes   ano  diaDoAno  dia1Ano  \\\n",
       "1806 2019-05-14   39546662        0   14    5  2019       134    False   \n",
       "1808 2019-05-16   36587356        0   16    5  2019       136    False   \n",
       "\n",
       "      diaSemana  numSemanaMes  ...  segDia10  semanaAno  inicioMes  fimMes  \\\n",
       "1806          1             2  ...     False         20      False   False   \n",
       "1808          3             3  ...     False         20      False   False   \n",
       "\n",
       "      inicioSemana  fimSemana  inicioAno  fimAno  anoBissexto  diaDeProducao  \n",
       "1806         False      False      False   False        False           True  \n",
       "1808         False      False      False   False        False           True  \n",
       "\n",
       "[2 rows x 22 columns]"
      ]
     },
     "execution_count": 21,
     "metadata": {},
     "output_type": "execute_result"
    }
   ],
   "source": [
    "#dados['data'].head()\n",
    "#feriados['data'].head()\n",
    "dados[-10:].loc[dados.diaDeProducao == True]"
   ]
  },
  {
   "cell_type": "code",
   "execution_count": 4,
   "metadata": {},
   "outputs": [
    {
     "data": {
      "text/plain": [
       "data    datetime64[ns]\n",
       "dtype: object"
      ]
     },
     "execution_count": 4,
     "metadata": {},
     "output_type": "execute_result"
    }
   ],
   "source": [
    "import pandas as pd\n",
    "feriados = ['2015-01-01','2015-02-17','2015-04-03','2015-04-05','2015-04-21','2015-05-01','2015-06-04','2015-09-07',\n",
    "        '2015-10-12','2015-11-02','2015-11-15','2015-12-25','2016-01-01','2016-02-09','2016-03-25','2016-03-27',\n",
    "        '2016-04-21','2016-05-01','2016-05-26','2016-06-04','2016-09-07','2016-10-12','2016-11-02','2016-11-15',\n",
    "        '2016-12-25','2017-01-01','2017-02-28','2017-04-14','2017-04-16','2017-04-21','2017-05-01','2017-05-26',\n",
    "        '2017-06-15','2017-09-07','2017-10-12','2017-11-02','2017-11-15','2017-12-25','2018-01-01','2018-02-13',\n",
    "        '2018-03-30','2018-04-01','2018-04-21','2018-05-01','2018-05-31','2018-09-07','2018-10-12','2018-11-02',\n",
    "        '2018-11-15','2018-12-25','2019-01-01','2019-03-05','2019-04-19','2019-04-21','2019-05-01','2019-06-20',\n",
    "        '2019-09-07','2019-10-12','2019-11-02','2019-11-15','2019-12-25']\n",
    "feriados = pd.to_datetime(feriados, format='%Y-%m-%d')\n",
    "feriados = pd.DataFrame({'data':feriados})\n",
    "feriados.dtypes"
   ]
  },
  {
   "cell_type": "code",
   "execution_count": 29,
   "metadata": {
    "scrolled": false
   },
   "outputs": [
    {
     "data": {
      "text/html": [
       "<div>\n",
       "<style scoped>\n",
       "    .dataframe tbody tr th:only-of-type {\n",
       "        vertical-align: middle;\n",
       "    }\n",
       "\n",
       "    .dataframe tbody tr th {\n",
       "        vertical-align: top;\n",
       "    }\n",
       "\n",
       "    .dataframe thead th {\n",
       "        text-align: right;\n",
       "    }\n",
       "</style>\n",
       "<table border=\"1\" class=\"dataframe\">\n",
       "  <thead>\n",
       "    <tr style=\"text-align: right;\">\n",
       "      <th></th>\n",
       "      <th>totalTrsc</th>\n",
       "      <th>feriado</th>\n",
       "      <th>dia</th>\n",
       "      <th>mes</th>\n",
       "      <th>ano</th>\n",
       "      <th>diaDoAno</th>\n",
       "      <th>dia1Ano</th>\n",
       "      <th>diaSemana</th>\n",
       "      <th>numSemanaMes</th>\n",
       "      <th>diaUtil</th>\n",
       "      <th>segDia10</th>\n",
       "      <th>semanaAno</th>\n",
       "      <th>inicioMes</th>\n",
       "      <th>fimMes</th>\n",
       "      <th>inicioSemana</th>\n",
       "      <th>fimSemana</th>\n",
       "      <th>inicioAno</th>\n",
       "      <th>fimAno</th>\n",
       "      <th>anoBissexto</th>\n",
       "      <th>diaDeProducao</th>\n",
       "    </tr>\n",
       "  </thead>\n",
       "  <tbody>\n",
       "    <tr>\n",
       "      <th>totalTrsc</th>\n",
       "      <td>1.0000</td>\n",
       "      <td>-0.1760</td>\n",
       "      <td>-0.0622</td>\n",
       "      <td>-0.0399</td>\n",
       "      <td>0.5790</td>\n",
       "      <td>-0.0454</td>\n",
       "      <td>-0.0587</td>\n",
       "      <td>-0.5733</td>\n",
       "      <td>-0.0658</td>\n",
       "      <td>0.6867</td>\n",
       "      <td>0.0881</td>\n",
       "      <td>-0.0421</td>\n",
       "      <td>-0.0202</td>\n",
       "      <td>-0.0104</td>\n",
       "      <td>0.2712</td>\n",
       "      <td>-0.4550</td>\n",
       "      <td>-0.0587</td>\n",
       "      <td>-0.0499</td>\n",
       "      <td>-0.1700</td>\n",
       "      <td>0.2434</td>\n",
       "    </tr>\n",
       "    <tr>\n",
       "      <th>feriado</th>\n",
       "      <td>-0.1760</td>\n",
       "      <td>1.0000</td>\n",
       "      <td>-0.0674</td>\n",
       "      <td>-0.0189</td>\n",
       "      <td>0.0394</td>\n",
       "      <td>-0.0243</td>\n",
       "      <td>0.2973</td>\n",
       "      <td>0.0019</td>\n",
       "      <td>-0.0633</td>\n",
       "      <td>-0.2642</td>\n",
       "      <td>-0.0110</td>\n",
       "      <td>-0.0025</td>\n",
       "      <td>0.1650</td>\n",
       "      <td>0.0038</td>\n",
       "      <td>-0.0173</td>\n",
       "      <td>0.0105</td>\n",
       "      <td>0.2973</td>\n",
       "      <td>-0.0093</td>\n",
       "      <td>0.0152</td>\n",
       "      <td>-0.1088</td>\n",
       "    </tr>\n",
       "    <tr>\n",
       "      <th>dia</th>\n",
       "      <td>-0.0622</td>\n",
       "      <td>-0.0674</td>\n",
       "      <td>1.0000</td>\n",
       "      <td>0.0139</td>\n",
       "      <td>-0.0165</td>\n",
       "      <td>0.0968</td>\n",
       "      <td>-0.0877</td>\n",
       "      <td>-0.0002</td>\n",
       "      <td>0.9740</td>\n",
       "      <td>0.0182</td>\n",
       "      <td>-0.0401</td>\n",
       "      <td>0.0719</td>\n",
       "      <td>-0.3086</td>\n",
       "      <td>0.3081</td>\n",
       "      <td>-0.0002</td>\n",
       "      <td>0.0015</td>\n",
       "      <td>-0.0877</td>\n",
       "      <td>0.0918</td>\n",
       "      <td>0.0056</td>\n",
       "      <td>0.0094</td>\n",
       "    </tr>\n",
       "    <tr>\n",
       "      <th>mes</th>\n",
       "      <td>-0.0399</td>\n",
       "      <td>-0.0189</td>\n",
       "      <td>0.0139</td>\n",
       "      <td>1.0000</td>\n",
       "      <td>-0.2795</td>\n",
       "      <td>0.9965</td>\n",
       "      <td>-0.0841</td>\n",
       "      <td>0.0016</td>\n",
       "      <td>0.0155</td>\n",
       "      <td>0.0006</td>\n",
       "      <td>0.0393</td>\n",
       "      <td>0.9722</td>\n",
       "      <td>-0.0017</td>\n",
       "      <td>-0.0004</td>\n",
       "      <td>-0.0011</td>\n",
       "      <td>0.0001</td>\n",
       "      <td>-0.0841</td>\n",
       "      <td>0.0831</td>\n",
       "      <td>-0.0027</td>\n",
       "      <td>0.0050</td>\n",
       "    </tr>\n",
       "    <tr>\n",
       "      <th>ano</th>\n",
       "      <td>0.5790</td>\n",
       "      <td>0.0394</td>\n",
       "      <td>-0.0165</td>\n",
       "      <td>-0.2795</td>\n",
       "      <td>1.0000</td>\n",
       "      <td>-0.2799</td>\n",
       "      <td>0.0213</td>\n",
       "      <td>-0.0009</td>\n",
       "      <td>-0.0171</td>\n",
       "      <td>-0.0111</td>\n",
       "      <td>0.0014</td>\n",
       "      <td>-0.2803</td>\n",
       "      <td>0.0026</td>\n",
       "      <td>-0.0029</td>\n",
       "      <td>0.0011</td>\n",
       "      <td>-0.0017</td>\n",
       "      <td>0.0213</td>\n",
       "      <td>-0.0140</td>\n",
       "      <td>-0.1339</td>\n",
       "      <td>-0.0077</td>\n",
       "    </tr>\n",
       "    <tr>\n",
       "      <th>diaDoAno</th>\n",
       "      <td>-0.0454</td>\n",
       "      <td>-0.0243</td>\n",
       "      <td>0.0968</td>\n",
       "      <td>0.9965</td>\n",
       "      <td>-0.2799</td>\n",
       "      <td>1.0000</td>\n",
       "      <td>-0.0906</td>\n",
       "      <td>0.0016</td>\n",
       "      <td>0.0963</td>\n",
       "      <td>0.0020</td>\n",
       "      <td>0.0357</td>\n",
       "      <td>0.9737</td>\n",
       "      <td>-0.0274</td>\n",
       "      <td>0.0253</td>\n",
       "      <td>-0.0011</td>\n",
       "      <td>0.0002</td>\n",
       "      <td>-0.0906</td>\n",
       "      <td>0.0904</td>\n",
       "      <td>0.0009</td>\n",
       "      <td>0.0057</td>\n",
       "    </tr>\n",
       "    <tr>\n",
       "      <th>dia1Ano</th>\n",
       "      <td>-0.0587</td>\n",
       "      <td>0.2973</td>\n",
       "      <td>-0.0877</td>\n",
       "      <td>-0.0841</td>\n",
       "      <td>0.0213</td>\n",
       "      <td>-0.0906</td>\n",
       "      <td>1.0000</td>\n",
       "      <td>-0.0052</td>\n",
       "      <td>-0.0702</td>\n",
       "      <td>-0.0786</td>\n",
       "      <td>-0.0033</td>\n",
       "      <td>-0.0175</td>\n",
       "      <td>0.2843</td>\n",
       "      <td>-0.0096</td>\n",
       "      <td>0.0085</td>\n",
       "      <td>0.0086</td>\n",
       "      <td>1.0000</td>\n",
       "      <td>-0.0028</td>\n",
       "      <td>-0.0002</td>\n",
       "      <td>-0.0324</td>\n",
       "    </tr>\n",
       "    <tr>\n",
       "      <th>diaSemana</th>\n",
       "      <td>-0.5733</td>\n",
       "      <td>0.0019</td>\n",
       "      <td>-0.0002</td>\n",
       "      <td>0.0016</td>\n",
       "      <td>-0.0009</td>\n",
       "      <td>0.0016</td>\n",
       "      <td>-0.0052</td>\n",
       "      <td>1.0000</td>\n",
       "      <td>-0.0019</td>\n",
       "      <td>-0.7542</td>\n",
       "      <td>-0.0933</td>\n",
       "      <td>-0.0002</td>\n",
       "      <td>-0.0013</td>\n",
       "      <td>0.0003</td>\n",
       "      <td>-0.6130</td>\n",
       "      <td>0.6127</td>\n",
       "      <td>-0.0052</td>\n",
       "      <td>0.0053</td>\n",
       "      <td>0.0028</td>\n",
       "      <td>-0.3067</td>\n",
       "    </tr>\n",
       "    <tr>\n",
       "      <th>numSemanaMes</th>\n",
       "      <td>-0.0658</td>\n",
       "      <td>-0.0633</td>\n",
       "      <td>0.9740</td>\n",
       "      <td>0.0155</td>\n",
       "      <td>-0.0171</td>\n",
       "      <td>0.0963</td>\n",
       "      <td>-0.0702</td>\n",
       "      <td>-0.0019</td>\n",
       "      <td>1.0000</td>\n",
       "      <td>0.0199</td>\n",
       "      <td>-0.0339</td>\n",
       "      <td>0.0720</td>\n",
       "      <td>-0.2468</td>\n",
       "      <td>0.3246</td>\n",
       "      <td>0.0020</td>\n",
       "      <td>0.0004</td>\n",
       "      <td>-0.0702</td>\n",
       "      <td>0.0959</td>\n",
       "      <td>0.0059</td>\n",
       "      <td>0.0062</td>\n",
       "    </tr>\n",
       "    <tr>\n",
       "      <th>diaUtil</th>\n",
       "      <td>0.6867</td>\n",
       "      <td>-0.2642</td>\n",
       "      <td>0.0182</td>\n",
       "      <td>0.0006</td>\n",
       "      <td>-0.0111</td>\n",
       "      <td>0.0020</td>\n",
       "      <td>-0.0786</td>\n",
       "      <td>-0.7542</td>\n",
       "      <td>0.0199</td>\n",
       "      <td>1.0000</td>\n",
       "      <td>0.0417</td>\n",
       "      <td>-0.0002</td>\n",
       "      <td>-0.0362</td>\n",
       "      <td>-0.0050</td>\n",
       "      <td>0.2535</td>\n",
       "      <td>-0.6099</td>\n",
       "      <td>-0.0786</td>\n",
       "      <td>-0.0103</td>\n",
       "      <td>-0.0022</td>\n",
       "      <td>0.4119</td>\n",
       "    </tr>\n",
       "    <tr>\n",
       "      <th>segDia10</th>\n",
       "      <td>0.0881</td>\n",
       "      <td>-0.0110</td>\n",
       "      <td>-0.0401</td>\n",
       "      <td>0.0393</td>\n",
       "      <td>0.0014</td>\n",
       "      <td>0.0357</td>\n",
       "      <td>-0.0033</td>\n",
       "      <td>-0.0933</td>\n",
       "      <td>-0.0339</td>\n",
       "      <td>0.0417</td>\n",
       "      <td>1.0000</td>\n",
       "      <td>0.0374</td>\n",
       "      <td>-0.0115</td>\n",
       "      <td>-0.0114</td>\n",
       "      <td>0.1522</td>\n",
       "      <td>-0.0254</td>\n",
       "      <td>-0.0033</td>\n",
       "      <td>-0.0033</td>\n",
       "      <td>-0.0092</td>\n",
       "      <td>-0.0383</td>\n",
       "    </tr>\n",
       "    <tr>\n",
       "      <th>semanaAno</th>\n",
       "      <td>-0.0421</td>\n",
       "      <td>-0.0025</td>\n",
       "      <td>0.0719</td>\n",
       "      <td>0.9722</td>\n",
       "      <td>-0.2803</td>\n",
       "      <td>0.9737</td>\n",
       "      <td>-0.0175</td>\n",
       "      <td>-0.0002</td>\n",
       "      <td>0.0720</td>\n",
       "      <td>-0.0002</td>\n",
       "      <td>0.0374</td>\n",
       "      <td>1.0000</td>\n",
       "      <td>-0.0059</td>\n",
       "      <td>0.0038</td>\n",
       "      <td>-0.0004</td>\n",
       "      <td>-0.0005</td>\n",
       "      <td>-0.0175</td>\n",
       "      <td>0.0180</td>\n",
       "      <td>0.0005</td>\n",
       "      <td>0.0073</td>\n",
       "    </tr>\n",
       "    <tr>\n",
       "      <th>inicioMes</th>\n",
       "      <td>-0.0202</td>\n",
       "      <td>0.1650</td>\n",
       "      <td>-0.3086</td>\n",
       "      <td>-0.0017</td>\n",
       "      <td>0.0026</td>\n",
       "      <td>-0.0274</td>\n",
       "      <td>0.2843</td>\n",
       "      <td>-0.0013</td>\n",
       "      <td>-0.2468</td>\n",
       "      <td>-0.0362</td>\n",
       "      <td>-0.0115</td>\n",
       "      <td>-0.0059</td>\n",
       "      <td>1.0000</td>\n",
       "      <td>-0.0339</td>\n",
       "      <td>0.0035</td>\n",
       "      <td>0.0038</td>\n",
       "      <td>0.2843</td>\n",
       "      <td>-0.0097</td>\n",
       "      <td>-0.0009</td>\n",
       "      <td>-0.0240</td>\n",
       "    </tr>\n",
       "    <tr>\n",
       "      <th>fimMes</th>\n",
       "      <td>-0.0104</td>\n",
       "      <td>0.0038</td>\n",
       "      <td>0.3081</td>\n",
       "      <td>-0.0004</td>\n",
       "      <td>-0.0029</td>\n",
       "      <td>0.0253</td>\n",
       "      <td>-0.0096</td>\n",
       "      <td>0.0003</td>\n",
       "      <td>0.3246</td>\n",
       "      <td>-0.0050</td>\n",
       "      <td>-0.0114</td>\n",
       "      <td>0.0038</td>\n",
       "      <td>-0.0339</td>\n",
       "      <td>1.0000</td>\n",
       "      <td>-0.0041</td>\n",
       "      <td>0.0051</td>\n",
       "      <td>-0.0096</td>\n",
       "      <td>0.2867</td>\n",
       "      <td>0.0007</td>\n",
       "      <td>0.0055</td>\n",
       "    </tr>\n",
       "    <tr>\n",
       "      <th>inicioSemana</th>\n",
       "      <td>0.2712</td>\n",
       "      <td>-0.0173</td>\n",
       "      <td>-0.0002</td>\n",
       "      <td>-0.0011</td>\n",
       "      <td>0.0011</td>\n",
       "      <td>-0.0011</td>\n",
       "      <td>0.0085</td>\n",
       "      <td>-0.6130</td>\n",
       "      <td>0.0020</td>\n",
       "      <td>0.2535</td>\n",
       "      <td>0.1522</td>\n",
       "      <td>-0.0004</td>\n",
       "      <td>0.0035</td>\n",
       "      <td>-0.0041</td>\n",
       "      <td>1.0000</td>\n",
       "      <td>-0.1670</td>\n",
       "      <td>0.0085</td>\n",
       "      <td>0.0085</td>\n",
       "      <td>-0.0019</td>\n",
       "      <td>-0.2518</td>\n",
       "    </tr>\n",
       "    <tr>\n",
       "      <th>fimSemana</th>\n",
       "      <td>-0.4550</td>\n",
       "      <td>0.0105</td>\n",
       "      <td>0.0015</td>\n",
       "      <td>0.0001</td>\n",
       "      <td>-0.0017</td>\n",
       "      <td>0.0002</td>\n",
       "      <td>0.0086</td>\n",
       "      <td>0.6127</td>\n",
       "      <td>0.0004</td>\n",
       "      <td>-0.6099</td>\n",
       "      <td>-0.0254</td>\n",
       "      <td>-0.0005</td>\n",
       "      <td>0.0038</td>\n",
       "      <td>0.0051</td>\n",
       "      <td>-0.1670</td>\n",
       "      <td>1.0000</td>\n",
       "      <td>0.0086</td>\n",
       "      <td>0.0086</td>\n",
       "      <td>-0.0011</td>\n",
       "      <td>-0.2512</td>\n",
       "    </tr>\n",
       "    <tr>\n",
       "      <th>inicioAno</th>\n",
       "      <td>-0.0587</td>\n",
       "      <td>0.2973</td>\n",
       "      <td>-0.0877</td>\n",
       "      <td>-0.0841</td>\n",
       "      <td>0.0213</td>\n",
       "      <td>-0.0906</td>\n",
       "      <td>1.0000</td>\n",
       "      <td>-0.0052</td>\n",
       "      <td>-0.0702</td>\n",
       "      <td>-0.0786</td>\n",
       "      <td>-0.0033</td>\n",
       "      <td>-0.0175</td>\n",
       "      <td>0.2843</td>\n",
       "      <td>-0.0096</td>\n",
       "      <td>0.0085</td>\n",
       "      <td>0.0086</td>\n",
       "      <td>1.0000</td>\n",
       "      <td>-0.0028</td>\n",
       "      <td>-0.0002</td>\n",
       "      <td>-0.0324</td>\n",
       "    </tr>\n",
       "    <tr>\n",
       "      <th>fimAno</th>\n",
       "      <td>-0.0499</td>\n",
       "      <td>-0.0093</td>\n",
       "      <td>0.0918</td>\n",
       "      <td>0.0831</td>\n",
       "      <td>-0.0140</td>\n",
       "      <td>0.0904</td>\n",
       "      <td>-0.0028</td>\n",
       "      <td>0.0053</td>\n",
       "      <td>0.0959</td>\n",
       "      <td>-0.0103</td>\n",
       "      <td>-0.0033</td>\n",
       "      <td>0.0180</td>\n",
       "      <td>-0.0097</td>\n",
       "      <td>0.2867</td>\n",
       "      <td>0.0085</td>\n",
       "      <td>0.0086</td>\n",
       "      <td>-0.0028</td>\n",
       "      <td>1.0000</td>\n",
       "      <td>-0.0002</td>\n",
       "      <td>-0.0088</td>\n",
       "    </tr>\n",
       "    <tr>\n",
       "      <th>anoBissexto</th>\n",
       "      <td>-0.1700</td>\n",
       "      <td>0.0152</td>\n",
       "      <td>0.0056</td>\n",
       "      <td>-0.0027</td>\n",
       "      <td>-0.1339</td>\n",
       "      <td>0.0009</td>\n",
       "      <td>-0.0002</td>\n",
       "      <td>0.0028</td>\n",
       "      <td>0.0059</td>\n",
       "      <td>-0.0022</td>\n",
       "      <td>-0.0092</td>\n",
       "      <td>0.0005</td>\n",
       "      <td>-0.0009</td>\n",
       "      <td>0.0007</td>\n",
       "      <td>-0.0019</td>\n",
       "      <td>-0.0011</td>\n",
       "      <td>-0.0002</td>\n",
       "      <td>-0.0002</td>\n",
       "      <td>1.0000</td>\n",
       "      <td>-0.0016</td>\n",
       "    </tr>\n",
       "    <tr>\n",
       "      <th>diaDeProducao</th>\n",
       "      <td>0.2434</td>\n",
       "      <td>-0.1088</td>\n",
       "      <td>0.0094</td>\n",
       "      <td>0.0050</td>\n",
       "      <td>-0.0077</td>\n",
       "      <td>0.0057</td>\n",
       "      <td>-0.0324</td>\n",
       "      <td>-0.3067</td>\n",
       "      <td>0.0062</td>\n",
       "      <td>0.4119</td>\n",
       "      <td>-0.0383</td>\n",
       "      <td>0.0073</td>\n",
       "      <td>-0.0240</td>\n",
       "      <td>0.0055</td>\n",
       "      <td>-0.2518</td>\n",
       "      <td>-0.2512</td>\n",
       "      <td>-0.0324</td>\n",
       "      <td>-0.0088</td>\n",
       "      <td>-0.0016</td>\n",
       "      <td>1.0000</td>\n",
       "    </tr>\n",
       "  </tbody>\n",
       "</table>\n",
       "</div>"
      ],
      "text/plain": [
       "               totalTrsc  feriado     dia     mes     ano  diaDoAno  dia1Ano  \\\n",
       "totalTrsc         1.0000  -0.1760 -0.0622 -0.0399  0.5790   -0.0454  -0.0587   \n",
       "feriado          -0.1760   1.0000 -0.0674 -0.0189  0.0394   -0.0243   0.2973   \n",
       "dia              -0.0622  -0.0674  1.0000  0.0139 -0.0165    0.0968  -0.0877   \n",
       "mes              -0.0399  -0.0189  0.0139  1.0000 -0.2795    0.9965  -0.0841   \n",
       "ano               0.5790   0.0394 -0.0165 -0.2795  1.0000   -0.2799   0.0213   \n",
       "diaDoAno         -0.0454  -0.0243  0.0968  0.9965 -0.2799    1.0000  -0.0906   \n",
       "dia1Ano          -0.0587   0.2973 -0.0877 -0.0841  0.0213   -0.0906   1.0000   \n",
       "diaSemana        -0.5733   0.0019 -0.0002  0.0016 -0.0009    0.0016  -0.0052   \n",
       "numSemanaMes     -0.0658  -0.0633  0.9740  0.0155 -0.0171    0.0963  -0.0702   \n",
       "diaUtil           0.6867  -0.2642  0.0182  0.0006 -0.0111    0.0020  -0.0786   \n",
       "segDia10          0.0881  -0.0110 -0.0401  0.0393  0.0014    0.0357  -0.0033   \n",
       "semanaAno        -0.0421  -0.0025  0.0719  0.9722 -0.2803    0.9737  -0.0175   \n",
       "inicioMes        -0.0202   0.1650 -0.3086 -0.0017  0.0026   -0.0274   0.2843   \n",
       "fimMes           -0.0104   0.0038  0.3081 -0.0004 -0.0029    0.0253  -0.0096   \n",
       "inicioSemana      0.2712  -0.0173 -0.0002 -0.0011  0.0011   -0.0011   0.0085   \n",
       "fimSemana        -0.4550   0.0105  0.0015  0.0001 -0.0017    0.0002   0.0086   \n",
       "inicioAno        -0.0587   0.2973 -0.0877 -0.0841  0.0213   -0.0906   1.0000   \n",
       "fimAno           -0.0499  -0.0093  0.0918  0.0831 -0.0140    0.0904  -0.0028   \n",
       "anoBissexto      -0.1700   0.0152  0.0056 -0.0027 -0.1339    0.0009  -0.0002   \n",
       "diaDeProducao     0.2434  -0.1088  0.0094  0.0050 -0.0077    0.0057  -0.0324   \n",
       "\n",
       "               diaSemana  numSemanaMes  diaUtil  segDia10  semanaAno  \\\n",
       "totalTrsc        -0.5733       -0.0658   0.6867    0.0881    -0.0421   \n",
       "feriado           0.0019       -0.0633  -0.2642   -0.0110    -0.0025   \n",
       "dia              -0.0002        0.9740   0.0182   -0.0401     0.0719   \n",
       "mes               0.0016        0.0155   0.0006    0.0393     0.9722   \n",
       "ano              -0.0009       -0.0171  -0.0111    0.0014    -0.2803   \n",
       "diaDoAno          0.0016        0.0963   0.0020    0.0357     0.9737   \n",
       "dia1Ano          -0.0052       -0.0702  -0.0786   -0.0033    -0.0175   \n",
       "diaSemana         1.0000       -0.0019  -0.7542   -0.0933    -0.0002   \n",
       "numSemanaMes     -0.0019        1.0000   0.0199   -0.0339     0.0720   \n",
       "diaUtil          -0.7542        0.0199   1.0000    0.0417    -0.0002   \n",
       "segDia10         -0.0933       -0.0339   0.0417    1.0000     0.0374   \n",
       "semanaAno        -0.0002        0.0720  -0.0002    0.0374     1.0000   \n",
       "inicioMes        -0.0013       -0.2468  -0.0362   -0.0115    -0.0059   \n",
       "fimMes            0.0003        0.3246  -0.0050   -0.0114     0.0038   \n",
       "inicioSemana     -0.6130        0.0020   0.2535    0.1522    -0.0004   \n",
       "fimSemana         0.6127        0.0004  -0.6099   -0.0254    -0.0005   \n",
       "inicioAno        -0.0052       -0.0702  -0.0786   -0.0033    -0.0175   \n",
       "fimAno            0.0053        0.0959  -0.0103   -0.0033     0.0180   \n",
       "anoBissexto       0.0028        0.0059  -0.0022   -0.0092     0.0005   \n",
       "diaDeProducao    -0.3067        0.0062   0.4119   -0.0383     0.0073   \n",
       "\n",
       "               inicioMes  fimMes  inicioSemana  fimSemana  inicioAno  fimAno  \\\n",
       "totalTrsc        -0.0202 -0.0104        0.2712    -0.4550    -0.0587 -0.0499   \n",
       "feriado           0.1650  0.0038       -0.0173     0.0105     0.2973 -0.0093   \n",
       "dia              -0.3086  0.3081       -0.0002     0.0015    -0.0877  0.0918   \n",
       "mes              -0.0017 -0.0004       -0.0011     0.0001    -0.0841  0.0831   \n",
       "ano               0.0026 -0.0029        0.0011    -0.0017     0.0213 -0.0140   \n",
       "diaDoAno         -0.0274  0.0253       -0.0011     0.0002    -0.0906  0.0904   \n",
       "dia1Ano           0.2843 -0.0096        0.0085     0.0086     1.0000 -0.0028   \n",
       "diaSemana        -0.0013  0.0003       -0.6130     0.6127    -0.0052  0.0053   \n",
       "numSemanaMes     -0.2468  0.3246        0.0020     0.0004    -0.0702  0.0959   \n",
       "diaUtil          -0.0362 -0.0050        0.2535    -0.6099    -0.0786 -0.0103   \n",
       "segDia10         -0.0115 -0.0114        0.1522    -0.0254    -0.0033 -0.0033   \n",
       "semanaAno        -0.0059  0.0038       -0.0004    -0.0005    -0.0175  0.0180   \n",
       "inicioMes         1.0000 -0.0339        0.0035     0.0038     0.2843 -0.0097   \n",
       "fimMes           -0.0339  1.0000       -0.0041     0.0051    -0.0096  0.2867   \n",
       "inicioSemana      0.0035 -0.0041        1.0000    -0.1670     0.0085  0.0085   \n",
       "fimSemana         0.0038  0.0051       -0.1670     1.0000     0.0086  0.0086   \n",
       "inicioAno         0.2843 -0.0096        0.0085     0.0086     1.0000 -0.0028   \n",
       "fimAno           -0.0097  0.2867        0.0085     0.0086    -0.0028  1.0000   \n",
       "anoBissexto      -0.0009  0.0007       -0.0019    -0.0011    -0.0002 -0.0002   \n",
       "diaDeProducao    -0.0240  0.0055       -0.2518    -0.2512    -0.0324 -0.0088   \n",
       "\n",
       "               anoBissexto  diaDeProducao  \n",
       "totalTrsc          -0.1700         0.2434  \n",
       "feriado             0.0152        -0.1088  \n",
       "dia                 0.0056         0.0094  \n",
       "mes                -0.0027         0.0050  \n",
       "ano                -0.1339        -0.0077  \n",
       "diaDoAno            0.0009         0.0057  \n",
       "dia1Ano            -0.0002        -0.0324  \n",
       "diaSemana           0.0028        -0.3067  \n",
       "numSemanaMes        0.0059         0.0062  \n",
       "diaUtil            -0.0022         0.4119  \n",
       "segDia10           -0.0092        -0.0383  \n",
       "semanaAno           0.0005         0.0073  \n",
       "inicioMes          -0.0009        -0.0240  \n",
       "fimMes              0.0007         0.0055  \n",
       "inicioSemana       -0.0019        -0.2518  \n",
       "fimSemana          -0.0011        -0.2512  \n",
       "inicioAno          -0.0002        -0.0324  \n",
       "fimAno             -0.0002        -0.0088  \n",
       "anoBissexto         1.0000        -0.0016  \n",
       "diaDeProducao      -0.0016         1.0000  "
      ]
     },
     "execution_count": 29,
     "metadata": {},
     "output_type": "execute_result"
    }
   ],
   "source": [
    "dados.corr().round(4)"
   ]
  },
  {
   "cell_type": "code",
   "execution_count": 28,
   "metadata": {
    "scrolled": false
   },
   "outputs": [
    {
     "data": {
      "text/plain": [
       "<matplotlib.axes._subplots.AxesSubplot at 0x1582c278>"
      ]
     },
     "execution_count": 28,
     "metadata": {},
     "output_type": "execute_result"
    },
    {
     "data": {
